66 eeneii 111161111611. 116

6616 1116 161111 61 61611611, 1 1611616 11111. 111. 1161616 1111661161
phoenomenis 61666 explicatis 166161111116116 116611,111611161 dignitatern
copiose estruit, 1 11. 416. 16 11. 611. Et 1611666 1666111661, 6111616661
11.179.1616111; 61 demoni 1116111, 6166616 1611111616 fidei 166111661 166111.
1111. 1111111116 1116 6116611111, 6616161 166161 16616611611 16 primurn do·
611,16666116166616 corporeos 6111 161161661, 6611 1616111 6111161161116161
, 1661161611611611 16611 notorem etque formatorem explicet. (1616166111
1611 661616111611 moitis, rationem 1666116 quid 11166116, 66616666 611,1
11. 661. 16 11. ote. rx. Deinde 66 116616, 61 66116, de odore, ct 6111616,
66661; 6616 nempe 111 11661, 6616 6661, 61 661 666 11 61661161 1661116161.
Cur 61161 16116 11111 661611, 11111 1111161, 6111 661 6611111161 11111 111 111611
optent 61 ron 11111 terrorem incutiet, qnae 11161 juret, 1111661666 1611611,
1 11. 618. 16 11. 716. x. De 1616161116116 11666 cogitatione 1611, 6611 661
16661111611 161661 1116611611,166 116161661, 6611 16 16661616 1116611161, 6611
penitet 111; 16661111166 66611111661161 6161166111 proponit 61 6161111111
661, r. 6116611661 in 166161111661611161, 61111116 11161161 16611 66111616-
11611161661, 16616161661, 11661616166111 6161111, 6616 6661111661 611 661
161116 6611666 6661161, 6616 16166611 66116 16111611 cernamur 1611616111
6161611, 61666 16 11. 616. 11. Α 11. 616. 16 11. 161. 66661,11666116, 666161,
16161, 6116666611 6661666 tentationis 616161, prino 6111 6116, 66161 661661
1111611 1666111116 16 1111661611116161,6611 pendent ex 61161111 1661666111.
xri. De 166166 61 insomniis 1611; 1661161166666661, 6611111666 6111616661
1611611611 16 ceteris 1616166161116616161661 111111 11116111 616111, 61
denium ed 1611666161166116161, 111. loto. 6166616 6661611111, 66116616,
11611111116, 16666611116,611161666116111166 1611611161 1111666611161,1116-
1161161116 6116611161, 66116 666661111611661, 6116161111 166 6166166111
enitent, 161 16 1111116116611, 11661616116 166616666661.

11111 Pieridum peragro 1666, 6611161 ante
’1111666161 juvet integros adccdcre 1661616,
Atque haurire; juvetque novoe decerpere 66166,

rerem 16611 1116161 Pieridum, 1111116111 pedum 11111111 6111 6616161111
616111 1611161111 111111111, 61 1161611 16611 ex 1111 piacet ctiori 116111 116161

most!

1 06111111. cd. 1116616111. 111. perego V. ed. Th. Re. Bodi. 11111111 Bodi.
-2 Attrita Μ61.Β.1.1166111.66.Τ1.111.-1 At Continent 11166116. 61661611

Now

1 Δυ16Ρ11116111,6·1.] 1111 2⁵. 111. 61, 6611 jem 1166 11116 6111116 6116611-
6661 jem 661611 tib. 1. 616. 6116 6661 16161 611. Quidem 1166 recoctum
ibidem 1661616 nostroe 166611116661, crambem 11611161611 1111 161611161-
6666661111 1616166 11111 proemium. 1166111111116666611111666616611111·
’16161161661666611Ρ61111,6166611616 1161661.

61 11166166111116111111166116161616

 

